function y=d_ProssEq(x)

F=[1 1 0 0;
   0 1 0 0;
   0 0 1 1;
   0 0 0 1];

y=F;



